22
меняем строку с максимальным коэффициентом с первой строкой
-22
87
74
79
-18
-25
нормируем относительно первого коэффициента
-25
-25
-25
-25
-25
0,38666666666666666
-25
-25
-25
-25
-25
1,1363636363636365
вычитаем уравнения
0
-4,821212121212121
-3,1503030303030304
-4,857575757575757
1,978181818181818
0,7496969696969698
0,7496969696969698
0,7496969696969698
0,7496969696969698
0,7496969696969698
0,7496969696969698
-0,07042253521126761
вычитаем уравнения
0
-1,6694835680751174
-0,3077934272300469
-1,1821596244131456
0,27267605633802805
-0,4570892018779343
0,7496969696969698
0,7496969696969698
0,7496969696969698
0,7496969696969698
0,7496969696969698
-41
вычитаем уравнения
0
38,13333333333333
-97,78666666666666
57,733333333333334
21,16
-41,38666666666666
0,7496969696969698
0,7496969696969698
0,7496969696969698
0,7496969696969698
0,7496969696969698
-1,18
вычитаем уравнения
0
1,0133333333333332
0,9933333333333334
-0,7666666666666666
0,7799999999999999
-1,5666666666666667

4,821212121212121
меняем строку с максимальным коэффициентом с первой строкой
0
-4,821212121212121
-3,1503030303030304
-4,857575757575757
1,978181818181818
0,7496969696969698
нормируем относительно первого коэффициента
0,7496969696969698
0,7496969696969698
0,7496969696969698
0,7496969696969698
-1,0853146853146853
0,7496969696969698
0,7496969696969698
0,7496969696969698
0,7496969696969698
0,27379077615298086
вычитаем уравнения
0
0
2,7487001187788587
-0,8058870263594673
-0,7182246886971295
1,3591054614676663
0,7496969696969698
0,7496969696969698
0,7496969696969698
0,7496969696969698
-0,15549968573224388
вычитаем уравнения
0
0
3,217761182877462
-0,5064435878389366
-0,9652030872961105
0,9298149995824414
0,9298149995824414
0,9298149995824414
0,9298149995824414
0,9298149995824414
-1,5460526315789476
вычитаем уравнения
0
0
3,5445988222304012
-2,270564961354435
0,2148417372101583
-0,46073794626426223

2,7487001187788587
меняем строку с максимальным коэффициентом с первой строкой
0
0
2,7487001187788587
-0,8058870263594673
-0,7182246886971295
1,3591054614676663
нормируем относительно первого коэффициента
1,3591054614676663
1,3591054614676663
1,3591054614676663
-0,1299831008729918
1,3591054614676663
1,3591054614676663
1,3591054614676663
0,2889633340504656
вычитаем уравнения
0
0
0
0,4831803167528097
-0,3605720863231588
0,4189464349234574
1,3591054614676663
1,3591054614676663
1,3591054614676663
0,49445388828791714
вычитаем уравнения
0
0
0
0,3473819517429777
-0,3219071409518328
0,624436989160909

0,4831803167528097
меняем строку с максимальным коэффициентом с первой строкой
0
0
0
0,4831803167528097
-0,3605720863231588
0,4189464349234574
нормируем относительно первого коэффициента
0,4189464349234574
0,4189464349234574
0,8670602265815938
0,8670602265815938
0,8670602265815938
1,7975516172553483
вычитаем уравнения
0
0
0
0
-0,18041881537055182
0,9304913906737545

0,18041881537055182
меняем строку с максимальным коэффициентом с первой строкой
0
0
0
0
-0,18041881537055182
0,9304913906737545
нормируем относительно первого коэффициента
0,9304913906737545
-5,157396631624433

обратная подстановка
-5,16
-5,598933333333333
1,7779440559440558
0,18276974355380082
-2,9835766907730914
-2,98
-1,8242666666666665
6,289622377622377
-1,7261299441627922
-1,73
-2,1933333333333334
1,853321678321679
1,85
-3,796666666666667
-3,8
9
меняем строку с максимальным коэффициентом с первой строкой
-9
6
41
-35
-78
0
нормируем относительно первого коэффициента
0
0
0
0
0
1,7818181818181817
0
0
0
0
0
5,5
вычитаем уравнения
0
-13,218181818181819
22,34090909090909
3,131818181818182
-7,513636363636364
3,7181818181818183
0
0
0
0
0
3
вычитаем уравнения
0
-13,618181818181819
-8,109090909090908
8,181818181818183
17,236363636363635
1,2181818181818183
0
0
0
0
0
-0
вычитаем уравнения
0
-0,8848484848484848
-4,4646464646464645
3,2707070707070707
6,903030303030302
-1,7818181818181817
-1,7818181818181817
-1,7818181818181817
-1,7818181818181817
-1,7818181818181817
-1,7818181818181817
0,6
вычитаем уравнения
0
-0,6181818181818182
1,2909090909090908
-1,2181818181818183
-4,463636363636364
-1,1818181818181817

13,218181818181819
меняем строку с максимальным коэффициентом с первой строкой
0
-13,218181818181819
22,34090909090909
3,131818181818182
-7,513636363636364
3,7181818181818183
нормируем относительно первого коэффициента
3,7181818181818183
3,7181818181818183
3,7181818181818183
3,7181818181818183
-0,08945260347129506
3,7181818181818183
3,7181818181818183
3,7181818181818183
3,7181818181818183
-0,28129298486932597
вычитаем уравнения
0
0
-2,2856256760504143
0,363868468365891
1,8341194954115803
-0,1918403813980309
-0,1918403813980309
-0,1918403813980309
-0,1918403813980309
-0,1918403813980309
2,0136986301369864
вычитаем уравнения
0
0
4,450201486304418
-3,095545963872683
-6,535682279569106
2,1031512336082816
-0,1918403813980309
-0,1918403813980309
-0,1918403813980309
-0,1918403813980309
1,9117647058823528
вычитаем уравнения
0
0
-2,6836959082698497
2,5713893033849056
8,48627581873871
2,001217309353648

2,2856256760504143
меняем строку с максимальным коэффициентом с первой строкой
0
0
-2,2856256760504143
0,363868468365891
1,8341194954115803
-0,1918403813980309
нормируем относительно первого коэффициента
-0,1918403813980309
-0,1918403813980309
-0,1918403813980309
0,47259685658745354
-0,1918403813980309
-0,1918403813980309
-0,1918403813980309
0,08393342068572363
вычитаем уравнения
0
0
0
0,5363981848602577
0,6661677629733078
-0,3886634359017299
-0,3886634359017299
-0,3886634359017299
-0,3886634359017299
-0,7456945115081283
вычитаем уравнения
0
0
0
-0,26255545000723546
-1,6935338362218877
-1,2182913680955818

0,5363981848602577
меняем строку с максимальным коэффициентом с первой строкой
0
0
0
0,5363981848602577
0,6661677629733078
-0,3886634359017299
нормируем относительно первого коэффициента
-0,3886634359017299
-0,3886634359017299
-0,72458007292285
-0,72458007292285
-0,72458007292285
4,640129801388653
вычитаем уравнения
0
0
0
0
5,208267246178105
5,364709874311503

5,208267246178105
меняем строку с максимальным коэффициентом с первой строкой
0
0
0
0
5,208267246178105
5,364709874311503
нормируем относительно первого коэффициента
5,364709874311503
1,0300373657377504

обратная подстановка
1,03
-0,03472727272727294
1,2142056074766354
1,9852817920163952
-2,003765601936643
-2
1,2016363636363634
0,012603471295059787
0,5940881692560387
0,59
1,255272727272727
-0,33871829105473983
-0,34
1,3294545454545452
1,33
